null
null23,24,9,19,19,18
null12,5,17,35,40,43
NO.681/8314/19,28,2,3,32,13
NO.8447/45,2,40,20,35,35
NO.1554 / 36,22,30,2,32,26
NO.2813 / 6,36,19,5,1,44
NO.5991 / null
NO.5991 / null
NO.5991 / null
NO.5991 / null
NO.5991 / null
NO.5991 / null
NO.8121/1839/32,37,11,1,26,28
NO.9926/37,3,5,3,42,21
null22,35,17,15,2,21
null43,28,14,8,43,26
null32,14,43,37,1,2
null39,8,4,14,7,8
null12,2,6,33,33,34
null1,8,9,10,36,39
nullnull
null[Ljava.lang.String;@2878e182
null[Ljava.lang.String;@21847a5d
No.76450,1,2,3,4,5,
No. 2404 / 0,1,2,3,4,5,
No. 5720 / 0,1,2,3,4,5,
No. 2270 / 1343606880,1640023223,-1408456592,-549540360,-1910680471,2020784831,
No. 591 / 319524300,1172554386,-1344141284,-1085795356,-914919100,1610669035,
No. 2162 / -1920694427,-254304298,-1777311736,-25368556,-223742564,71805278,
No.8436-1680726249,-1008656242,833658614,-369032894,1627291764,1659017444,
No. 1153 / 1,5,21,28,6,45,
No. 5467 / 24,16,17,13,43,21,
No. 8417 / 13,45,16,29,32,23,
No. 2699 / 43 , 11 , 1 , 34 , 29 , 18
No. 2144 / 31 , 20 , 26 , 4 , 45 , 38
No. 8574 / 42 , 22 , 3 , 43 , 21 , 41
No. 3652 / 8 , 29 , 42 , 4 , 22 , 27
No. 7099 / 29 , 12 , 24 , 23 , 15 , 42
No. 2760 / 1 , 4 , 12 , 19 , 37 , 40
No. 9148 / 15 , 18 , 22 , 26 , 32 , 35
No. 3299 / 2 , 6 , 31 , 35 , 38 , 42
No. 2013 / 6 , 25 , 28 , 35 , 41 , 44
